# Created by Octave 4.4.1, Thu Apr 23 10:13:18 2020 IST <ankit@ankit-X510UNR>
# name: X
# type: matrix
# rows: 3
# columns: 3
 8 1 6
 3 5 7
 4 9 2


